3.0 6.0 2021.0 10.0 24.0 0.0 0.0 0.0 0.0 1.0
3.0 6.0 2021.0 23.0 28.0 0.0 0.0 0.0 0.0 5.0
4.0 6.0 2021.0 9.0 3.0 0.0 0.0 0.0 0.0 2.0
4.0 6.0 2021.0 13.0 58.0 0.0 0.0 0.0 0.0 4.0
4.0 6.0 2021.0 16.0 59.0 0.0 0.0 0.0 0.0 1.0
4.0 6.0 2021.0 21.0 0.0 0.0 0.0 0.0 0.0 3.0
5.0 6.0 2021.0 9.0 30.0 0.0 0.0 0.0 0.0 1.0
5.0 6.0 2021.0 13.0 45.0 0.0 0.0 0.0 0.0 3.0
5.0 6.0 2021.0 17.0 17.0 0.0 0.0 0.0 0.0 1.0
5.0 6.0 2021.0 0.0 0.0 0.0 22.0 27.0 0.0 1.0
6.0 6.0 2021.0 10.0 12.0 0.0 0.0 0.0 0.0 1.0
6.0 6.0 2021.0 0.0 0.0 0.0 13.0 17.0 0.0 1.0
6.0 6.0 2021.0 14.0 16.0 6.0 0.0 0.0 0.0 3.0
6.0 6.0 2021.0 15.0 10.0 14.0 0.0 0.0 0.0 6.0
6.0 6.0 2021.0 0.0 0.0 0.0 16.0 22.0 57.0 6.0
6.0 6.0 2021.0 17.0 0.0 34.0 0.0 0.0 0.0 2.0
6.0 6.0 2021.0 0.0 0.0 0.0 17.0 2.0 57.0 3.0
6.0 6.0 2021.0 0.0 0.0 0.0 17.0 45.0 2.0 6.0
6.0 6.0 2021.0 18.0 6.0 43.0 0.0 0.0 0.0 6.0
6.0 6.0 2021.0 18.0 21.0 10.0 0.0 0.0 0.0 6.0
6.0 6.0 2021.0 0.0 0.0 0.0 19.0 32.0 41.0 6.0
6.0 6.0 2021.0 20.0 18.0 13.0 0.0 0.0 0.0 6.0
6.0 6.0 2021.0 21.0 35.0 8.0 0.0 0.0 0.0 6.0
6.0 6.0 2021.0 21.0 36.0 18.0 0.0 0.0 0.0 4.0
6.0 6.0 2021.0 0.0 0.0 0.0 21.0 37.0 6.0 2.0
7.0 6.0 2021.0 9.0 3.0 58.0 0.0 0.0 0.0 1.0
7.0 6.0 2021.0 9.0 4.0 1.0 0.0 0.0 0.0 6.0
7.0 6.0 2021.0 0.0 0.0 0.0 14.0 27.0 0.0 1.0
7.0 6.0 2021.0 15.0 0.0 29.0 0.0 0.0 0.0 3.0
7.0 6.0 2021.0 15.0 0.0 32.0 0.0 0.0 0.0 6.0
7.0 6.0 2021.0 0.0 0.0 0.0 15.0 59.0 47.0 6.0
7.0 6.0 2021.0 16.0 6.0 10.0 0.0 0.0 0.0 6.0
7.0 6.0 2021.0 0.0 0.0 0.0 17.0 11.0 1.0 6.0
7.0 6.0 2021.0 17.0 26.0 37.0 0.0 0.0 0.0 6.0
7.0 6.0 2021.0 0.0 0.0 0.0 19.0 50.0 58.0 3.0
7.0 6.0 2021.0 19.0 51.0 9.0 0.0 0.0 0.0 2.0
7.0 6.0 2021.0 0.0 0.0 0.0 19.0 53.0 12.0 6.0
7.0 6.0 2021.0 0.0 0.0 0.0 21.0 8.0 50.0 2.0
8.0 6.0 2021.0 9.0 29.0 7.0 0.0 0.0 0.0 2.0
8.0 6.0 2021.0 0.0 0.0 0.0 12.0 41.0 58.0 6.0
8.0 6.0 2021.0 0.0 0.0 0.0 14.0 49.0 44.0 2.0
8.0 6.0 2021.0 14.0 50.0 42.0 0.0 0.0 0.0 3.0
8.0 6.0 2021.0 0.0 0.0 0.0 15.0 56.0 30.0 6.0
8.0 6.0 2021.0 0.0 0.0 0.0 18.0 57.0 43.0 3.0
8.0 6.0 2021.0 18.0 57.0 57.0 0.0 0.0 0.0 1.0
8.0 6.0 2021.0 0.0 0.0 0.0 22.0 3.0 1.0 1.0
8.0 6.0 2021.0 22.0 3.0 46.0 0.0 0.0 0.0 3.0
8.0 6.0 2021.0 0.0 0.0 0.0 23.0 41.0 27.0 3.0
9.0 6.0 2021.0 9.0 27.0 33.0 0.0 0.0 0.0 1.0
9.0 6.0 2021.0 0.0 0.0 0.0 13.0 45.0 13.0 1.0
9.0 6.0 2021.0 13.0 45.0 25.0 0.0 0.0 0.0 4.0
9.0 6.0 2021.0 18.0 48.0 57.0 0.0 0.0 0.0 3.0
9.0 6.0 2021.0 18.0 49.0 24.0 0.0 0.0 0.0 1.0
9.0 6.0 2021.0 0.0 0.0 0.0 21.0 24.0 5.0 1.0
9.0 6.0 2021.0 21.0 24.0 14.0 0.0 0.0 0.0 4.0
9.0 6.0 2021.0 0.0 0.0 0.0 23.0 1.0 16.0 4.0
10.0 6.0 2021.0 10.0 1.0 15.0 0.0 0.0 0.0 2.0
11.0 6.0 2021.0 9.0 0.0 0.0 0.0 0.0 0.0 4.0
11.0 6.0 2021.0 0.0 0.0 0.0 12.0 33.0 0.0 4.0
11.0 6.0 2021.0 12.0 34.0 37.0 0.0 0.0 0.0 2.0
15.0 6.0 2021.0 9.0 36.0 47.0 0.0 0.0 0.0 2.0
15.0 6.0 2021.0 9.0 36.0 50.0 0.0 0.0 0.0 6.0
15.0 6.0 2021.0 0.0 0.0 0.0 12.0 58.0 33.0 2.0
15.0 6.0 2021.0 0.0 0.0 0.0 14.0 26.0 19.0 6.0
15.0 6.0 2021.0 14.0 29.0 35.0 0.0 0.0 0.0 6.0
15.0 6.0 2021.0 20.0 16.0 23.0 0.0 0.0 0.0 2.0
16.0 6.0 2021.0 0.0 0.0 0.0 0.0 29.0 36.0 2.0
16.0 6.0 2021.0 10.0 41.0 55.0 0.0 0.0 0.0 2.0
16.0 6.0 2021.0 0.0 0.0 0.0 14.0 36.0 13.0 2.0
16.0 6.0 2021.0 15.0 1.0 48.0 0.0 0.0 0.0 3.0
16.0 6.0 2021.0 0.0 0.0 0.0 17.0 34.0 45.0 3.0
16.0 6.0 2021.0 17.0 35.0 5.0 0.0 0.0 0.0 2.0
16.0 6.0 2021.0 0.0 0.0 0.0 21.0 21.0 47.0 2.0
16.0 6.0 2021.0 21.0 21.0 54.0 0.0 0.0 0.0 1.0
17.0 6.0 2021.0 0.0 0.0 0.0 14.0 30.0 34.0 1.0
17.0 6.0 2021.0 14.0 31.0 0.0 0.0 0.0 0.0 4.0
17.0 6.0 2021.0 0.0 0.0 0.0 20.0 34.0 6.0 4.0
17.0 6.0 2021.0 20.0 34.0 12.0 0.0 0.0 0.0 2.0
17.0 6.0 2021.0 0.0 0.0 0.0 23.0 32.0 18.0 2.0
18.0 6.0 2021.0 9.0 39.0 59.0 0.0 0.0 0.0 1.0
18.0 6.0 2021.0 0.0 0.0 0.0 14.0 12.0 7.0 1.0
18.0 6.0 2021.0 14.0 12.0 11.0 0.0 0.0 0.0 3.0
18.0 6.0 2021.0 0.0 0.0 0.0 22.0 29.0 36.0 3.0
18.0 6.0 2021.0 22.0 29.0 57.0 0.0 0.0 0.0 4.0
18.0 6.0 2021.0 0.0 0.0 0.0 23.0 22.0 57.0 4.0
19.0 6.0 2021.0 11.0 33.0 37.0 0.0 0.0 0.0 2.0
19.0 6.0 2021.0 0.0 0.0 0.0 18.0 55.0 15.0 2.0
19.0 6.0 2021.0 18.0 55.0 30.0 0.0 0.0 0.0 1.0
20.0 6.0 2021.0 0.0 0.0 0.0 0.0 3.0 41.0 1.0
20.0 6.0 2021.0 13.0 16.0 53.0 0.0 0.0 0.0 4.0
20.0 6.0 2021.0 0.0 0.0 0.0 21.0 40.0 1.0 4.0
20.0 6.0 2021.0 21.0 40.0 6.0 0.0 0.0 0.0 2.0
21.0 6.0 2021.0 10.0 21.0 33.0 0.0 0.0 0.0 1.0
21.0 6.0 2021.0 0.0 0.0 0.0 22.0 8.0 43.0 1.0
21.0 6.0 2021.0 22.0 9.0 47.0 0.0 0.0 0.0 4.0
22.0 6.0 2021.0 16.0 30.0 17.0 0.0 0.0 0.0 2.0
22.0 6.0 2021.0 0.0 0.0 0.0 23.0 34.0 39.0 2.0
23.0 6.0 2021.0 10.0 11.0 55.0 0.0 0.0 0.0 1.0
23.0 6.0 2021.0 0.0 0.0 0.0 23.0 47.0 42.0 1.0
24.0 6.0 2021.0 0.0 0.0 0.0 15.0 43.0 54.0 1.0
24.0 6.0 2021.0 15.0 43.0 57.0 0.0 0.0 0.0 4.0
26.0 6.0 2021.0 11.0 50.0 0.0 0.0 0.0 0.0 1.0
26.0 6.0 2021.0 0.0 0.0 0.0 17.0 37.0 8.0 1.0
26.0 6.0 2021.0 17.0 38.0 24.0 0.0 0.0 0.0 4.0
